(kicad_pcb (version 20171130) (host pcbnew "(5.1.5)-3")

  (general
    (thickness 1.2)
    (drawings 90)
    (tracks 91)
    (zones 0)
    (modules 64)
    (nets 8)
  )

  (page A4)
  (layers
    (0 F.Cu signal)
    (31 B.Cu signal)
    (32 B.Adhes user)
    (33 F.Adhes user)
    (34 B.Paste user)
    (35 F.Paste user)
    (36 B.SilkS user)
    (37 F.SilkS user)
    (38 B.Mask user)
    (39 F.Mask user)
    (40 Dwgs.User user)
    (41 Cmts.User user)
    (42 Eco1.User user)
    (43 Eco2.User user)
    (44 Edge.Cuts user)
    (45 Margin user)
    (46 B.CrtYd user)
    (47 F.CrtYd user)
    (48 B.Fab user)
    (49 F.Fab user)
  )

  (setup
    (last_trace_width 0.16)
    (user_trace_width 0.3)
    (user_trace_width 0.4)
    (trace_clearance 0.2)
    (zone_clearance 0.16)
    (zone_45_only no)
    (trace_min 0.16)
    (via_size 0.5)
    (via_drill 0.3)
    (via_min_size 0.5)
    (via_min_drill 0.3)
    (blind_buried_vias_allowed yes)
    (uvia_size 0.3)
    (uvia_drill 0.1)
    (uvias_allowed no)
    (uvia_min_size 0.2)
    (uvia_min_drill 0.1)
    (edge_width 0.15)
    (segment_width 0.2)
    (pcb_text_width 0.3)
    (pcb_text_size 1.5 1.5)
    (mod_edge_width 0.15)
    (mod_text_size 1 1)
    (mod_text_width 0.15)
    (pad_size 1.5 7)
    (pad_drill 0)
    (pad_to_mask_clearance 0.2)
    (aux_axis_origin 0 0)
    (grid_origin 79.5 114)
    (visible_elements 7FFFFFFF)
    (pcbplotparams
      (layerselection 0x010f0_ffffffff)
      (usegerberextensions true)
      (usegerberattributes false)
      (usegerberadvancedattributes false)
      (creategerberjobfile false)
      (excludeedgelayer true)
      (linewidth 0.100000)
      (plotframeref false)
      (viasonmask false)
      (mode 1)
      (useauxorigin false)
      (hpglpennumber 1)
      (hpglpenspeed 20)
      (hpglpendiameter 15.000000)
      (psnegative false)
      (psa4output false)
      (plotreference true)
      (plotvalue true)
      (plotinvisibletext false)
      (padsonsilk false)
      (subtractmaskfromsilk false)
      (outputformat 1)
      (mirror false)
      (drillshape 0)
      (scaleselection 1)
      (outputdirectory "gerberFinalFinal"))
  )

  (net 0 "")
  (net 1 GND)
  (net 2 /INT)
  (net 3 /CLK)
  (net 4 /DO)
  (net 5 /DI)
  (net 6 /CS)
  (net 7 /3V3)

  (net_class Default "This is the default net class."
    (clearance 0.2)
    (trace_width 0.16)
    (via_dia 0.5)
    (via_drill 0.3)
    (uvia_dia 0.3)
    (uvia_drill 0.1)
    (add_net /CLK)
    (add_net /CS)
    (add_net /DI)
    (add_net /DO)
    (add_net /INT)
  )

  (net_class Power ""
    (clearance 0.2)
    (trace_width 0.25)
    (via_dia 0.5)
    (via_drill 0.3)
    (uvia_dia 0.3)
    (uvia_drill 0.1)
    (add_net /3V3)
    (add_net GND)
  )

  (module gc_sp2:1050270001 (layer F.Cu) (tedit 5BB4CF60) (tstamp 5DF48069)
    (at 109.763 91.498 90)
    (path /5BB385EE)
    (attr smd)
    (fp_text reference J1 (at 8.748 0.137 90) (layer F.SilkS)
      (effects (font (size 1 1) (thickness 0.15)))
    )
    (fp_text value Micro_SD_Card (at 4 -3.9 270) (layer F.Fab)
      (effects (font (size 1 1) (thickness 0.15)))
    )
    (fp_line (start -1.8 -0.6) (end -1.8 -6.6) (layer F.SilkS) (width 0.15))
    (fp_line (start 9.5 -0.6) (end -1.8 -0.6) (layer F.SilkS) (width 0.15))
    (fp_line (start 9.5 -6.6) (end 9.5 -0.6) (layer F.SilkS) (width 0.15))
    (fp_line (start -1.8 -6.6) (end 9.5 -6.6) (layer F.SilkS) (width 0.15))
    (pad 9 smd rect (at -1.3 -6.06 90) (size 1.2 1.2) (layers F.Cu F.Paste F.Mask)
      (net 1 GND))
    (pad 9 smd rect (at -1.3 -1.61 90) (size 1.2 1.2) (layers F.Cu F.Paste F.Mask)
      (net 1 GND))
    (pad 9 smd rect (at 9 -6.06 90) (size 1.2 1.2) (layers F.Cu F.Paste F.Mask)
      (net 1 GND))
    (pad 9 smd rect (at 9 -1.61 90) (size 1.2 1.2) (layers F.Cu F.Paste F.Mask)
      (net 1 GND))
    (pad 1 smd rect (at 7.7 0 90) (size 0.5 1) (layers F.Cu F.Paste F.Mask)
      (net 2 /INT))
    (pad 2 smd rect (at 6.6 0 90) (size 0.5 1) (layers F.Cu F.Paste F.Mask)
      (net 6 /CS))
    (pad 3 smd rect (at 5.5 0 90) (size 0.5 1) (layers F.Cu F.Paste F.Mask)
      (net 5 /DI))
    (pad 4 smd rect (at 4.75 0 90) (size 0.5 1) (layers F.Cu F.Paste F.Mask)
      (net 7 /3V3))
    (pad "" smd rect (at 4.05 0 90) (size 0.5 1) (layers F.Cu F.Paste F.Mask))
    (pad 5 smd rect (at 3.3 0 90) (size 0.5 1) (layers F.Cu F.Paste F.Mask)
      (net 3 /CLK))
    (pad 6 smd rect (at 2.2 0 90) (size 0.5 1) (layers F.Cu F.Paste F.Mask)
      (net 1 GND))
    (pad 7 smd rect (at 1.1 0 90) (size 0.5 1) (layers F.Cu F.Paste F.Mask)
      (net 4 /DO))
    (pad 8 smd rect (at 0 0 90) (size 0.5 1) (layers F.Cu F.Paste F.Mask))
  )

  (module Capacitor_SMD:C_0603_1608Metric_Pad1.05x0.95mm_HandSolder (layer F.Cu) (tedit 5B301BBE) (tstamp 5DF48059)
    (at 120.311 88.958 90)
    (descr "Capacitor SMD 0603 (1608 Metric), square (rectangular) end terminal, IPC_7351 nominal with elongated pad for handsoldering. (Body size source: http://www.tortai-tech.com/upload/download/2011102023233369053.pdf), generated with kicad-footprint-generator")
    (tags "capacitor handsolder")
    (path /5BB39511)
    (attr smd)
    (fp_text reference C1 (at -2.642 -0.011 90) (layer F.SilkS)
      (effects (font (size 1 1) (thickness 0.15)))
    )
    (fp_text value 10uF (at 0 1.43 90) (layer F.Fab)
      (effects (font (size 1 1) (thickness 0.15)))
    )
    (fp_line (start -0.8 0.4) (end -0.8 -0.4) (layer F.Fab) (width 0.1))
    (fp_line (start -0.8 -0.4) (end 0.8 -0.4) (layer F.Fab) (width 0.1))
    (fp_line (start 0.8 -0.4) (end 0.8 0.4) (layer F.Fab) (width 0.1))
    (fp_line (start 0.8 0.4) (end -0.8 0.4) (layer F.Fab) (width 0.1))
    (fp_line (start -0.171267 -0.51) (end 0.171267 -0.51) (layer F.SilkS) (width 0.12))
    (fp_line (start -0.171267 0.51) (end 0.171267 0.51) (layer F.SilkS) (width 0.12))
    (fp_line (start -1.65 0.73) (end -1.65 -0.73) (layer F.CrtYd) (width 0.05))
    (fp_line (start -1.65 -0.73) (end 1.65 -0.73) (layer F.CrtYd) (width 0.05))
    (fp_line (start 1.65 -0.73) (end 1.65 0.73) (layer F.CrtYd) (width 0.05))
    (fp_line (start 1.65 0.73) (end -1.65 0.73) (layer F.CrtYd) (width 0.05))
    (fp_text user %R (at 0 0 90) (layer F.Fab)
      (effects (font (size 0.4 0.4) (thickness 0.06)))
    )
    (pad 1 smd roundrect (at -0.875 0 90) (size 1.05 0.95) (layers F.Cu F.Paste F.Mask) (roundrect_rratio 0.25)
      (net 7 /3V3))
    (pad 2 smd roundrect (at 0.875 0 90) (size 1.05 0.95) (layers F.Cu F.Paste F.Mask) (roundrect_rratio 0.25)
      (net 1 GND))
    (model ${KISYS3DMOD}/Capacitor_SMD.3dshapes/C_0603_1608Metric.wrl
      (at (xyz 0 0 0))
      (scale (xyz 1 1 1))
      (rotate (xyz 0 0 0))
    )
  )

  (module gc_sp2:SP2_FootPrint (layer F.Cu) (tedit 5DF3D67E) (tstamp 5DF4804E)
    (at 102.5 96.9)
    (path /5BB384EE)
    (attr smd)
    (fp_text reference P1 (at -0.5 4.75) (layer F.SilkS) hide
      (effects (font (size 1 1) (thickness 0.15)))
    )
    (fp_text value SerialPort (at 4.5 4.75) (layer F.Fab)
      (effects (font (size 1 1) (thickness 0.15)))
    )
    (pad 8 smd rect (at 7 0) (size 1.5 6) (layers B.Cu B.Paste B.Mask)
      (net 1 GND))
    (pad 7 smd rect (at 6 0.5) (size 1.5 5) (layers F.Cu F.Paste F.Mask)
      (net 6 /CS))
    (pad 6 smd rect (at 5 0.5) (size 1.5 5) (layers B.Cu B.Paste B.Mask)
      (net 4 /DO))
    (pad 5 smd rect (at 4 0.5) (size 1.5 5) (layers F.Cu F.Paste F.Mask)
      (net 5 /DI))
    (pad 4 smd rect (at 3 0.5) (size 1.5 5) (layers B.Cu B.Adhes B.Mask)
      (net 3 /CLK))
    (pad 3 smd rect (at 2 0.5) (size 1.5 5) (layers F.Cu F.Paste F.Mask)
      (net 2 /INT))
    (pad 2 smd rect (at 1 0) (size 1.5 6) (layers B.Cu B.Paste B.Mask)
      (net 1 GND))
    (pad 1 smd rect (at 0 0) (size 1.5 6) (layers F.Cu F.Paste F.Mask)
      (net 7 /3V3))
  )

  (module Capacitor_SMD:C_0603_1608Metric_Pad1.05x0.95mm_HandSolder (layer F.Cu) (tedit 5B301BBE) (tstamp 5DF4803E)
    (at 138.311 88.958 90)
    (descr "Capacitor SMD 0603 (1608 Metric), square (rectangular) end terminal, IPC_7351 nominal with elongated pad for handsoldering. (Body size source: http://www.tortai-tech.com/upload/download/2011102023233369053.pdf), generated with kicad-footprint-generator")
    (tags "capacitor handsolder")
    (path /5BB39511)
    (attr smd)
    (fp_text reference C1 (at -2.642 -0.011 90) (layer F.SilkS)
      (effects (font (size 1 1) (thickness 0.15)))
    )
    (fp_text value 10uF (at 0 1.43 90) (layer F.Fab)
      (effects (font (size 1 1) (thickness 0.15)))
    )
    (fp_line (start -0.8 0.4) (end -0.8 -0.4) (layer F.Fab) (width 0.1))
    (fp_line (start -0.8 -0.4) (end 0.8 -0.4) (layer F.Fab) (width 0.1))
    (fp_line (start 0.8 -0.4) (end 0.8 0.4) (layer F.Fab) (width 0.1))
    (fp_line (start 0.8 0.4) (end -0.8 0.4) (layer F.Fab) (width 0.1))
    (fp_line (start -0.171267 -0.51) (end 0.171267 -0.51) (layer F.SilkS) (width 0.12))
    (fp_line (start -0.171267 0.51) (end 0.171267 0.51) (layer F.SilkS) (width 0.12))
    (fp_line (start -1.65 0.73) (end -1.65 -0.73) (layer F.CrtYd) (width 0.05))
    (fp_line (start -1.65 -0.73) (end 1.65 -0.73) (layer F.CrtYd) (width 0.05))
    (fp_line (start 1.65 -0.73) (end 1.65 0.73) (layer F.CrtYd) (width 0.05))
    (fp_line (start 1.65 0.73) (end -1.65 0.73) (layer F.CrtYd) (width 0.05))
    (fp_text user %R (at 0 0 90) (layer F.Fab)
      (effects (font (size 0.4 0.4) (thickness 0.06)))
    )
    (pad 1 smd roundrect (at -0.875 0 90) (size 1.05 0.95) (layers F.Cu F.Paste F.Mask) (roundrect_rratio 0.25)
      (net 7 /3V3))
    (pad 2 smd roundrect (at 0.875 0 90) (size 1.05 0.95) (layers F.Cu F.Paste F.Mask) (roundrect_rratio 0.25)
      (net 1 GND))
    (model ${KISYS3DMOD}/Capacitor_SMD.3dshapes/C_0603_1608Metric.wrl
      (at (xyz 0 0 0))
      (scale (xyz 1 1 1))
      (rotate (xyz 0 0 0))
    )
  )

  (module Capacitor_SMD:C_0603_1608Metric_Pad1.05x0.95mm_HandSolder (layer F.Cu) (tedit 5B301BBE) (tstamp 5DF4802E)
    (at 120.311 85.402 90)
    (descr "Capacitor SMD 0603 (1608 Metric), square (rectangular) end terminal, IPC_7351 nominal with elongated pad for handsoldering. (Body size source: http://www.tortai-tech.com/upload/download/2011102023233369053.pdf), generated with kicad-footprint-generator")
    (tags "capacitor handsolder")
    (path /5DF41C92)
    (attr smd)
    (fp_text reference C2 (at 2.702 -0.011 90) (layer F.SilkS)
      (effects (font (size 1 1) (thickness 0.15)))
    )
    (fp_text value 10uF (at 0 1.43 90) (layer F.Fab)
      (effects (font (size 1 1) (thickness 0.15)))
    )
    (fp_line (start -0.8 0.4) (end -0.8 -0.4) (layer F.Fab) (width 0.1))
    (fp_line (start -0.8 -0.4) (end 0.8 -0.4) (layer F.Fab) (width 0.1))
    (fp_line (start 0.8 -0.4) (end 0.8 0.4) (layer F.Fab) (width 0.1))
    (fp_line (start 0.8 0.4) (end -0.8 0.4) (layer F.Fab) (width 0.1))
    (fp_line (start -0.171267 -0.51) (end 0.171267 -0.51) (layer F.SilkS) (width 0.12))
    (fp_line (start -0.171267 0.51) (end 0.171267 0.51) (layer F.SilkS) (width 0.12))
    (fp_line (start -1.65 0.73) (end -1.65 -0.73) (layer F.CrtYd) (width 0.05))
    (fp_line (start -1.65 -0.73) (end 1.65 -0.73) (layer F.CrtYd) (width 0.05))
    (fp_line (start 1.65 -0.73) (end 1.65 0.73) (layer F.CrtYd) (width 0.05))
    (fp_line (start 1.65 0.73) (end -1.65 0.73) (layer F.CrtYd) (width 0.05))
    (fp_text user %R (at 0 0 90) (layer F.Fab)
      (effects (font (size 0.4 0.4) (thickness 0.06)))
    )
    (pad 1 smd roundrect (at -0.875 0 90) (size 1.05 0.95) (layers F.Cu F.Paste F.Mask) (roundrect_rratio 0.25)
      (net 7 /3V3))
    (pad 2 smd roundrect (at 0.875 0 90) (size 1.05 0.95) (layers F.Cu F.Paste F.Mask) (roundrect_rratio 0.25)
      (net 1 GND))
    (model ${KISYS3DMOD}/Capacitor_SMD.3dshapes/C_0603_1608Metric.wrl
      (at (xyz 0 0 0))
      (scale (xyz 1 1 1))
      (rotate (xyz 0 0 0))
    )
  )

  (module gc_sp2:1050270001 (layer F.Cu) (tedit 5BB4CF60) (tstamp 5DF4801A)
    (at 136.763 91.498 90)
    (path /5BB385EE)
    (attr smd)
    (fp_text reference J1 (at 8.748 0.137 90) (layer F.SilkS)
      (effects (font (size 1 1) (thickness 0.15)))
    )
    (fp_text value Micro_SD_Card (at 4 -3.9 270) (layer F.Fab)
      (effects (font (size 1 1) (thickness 0.15)))
    )
    (fp_line (start -1.8 -6.6) (end 9.5 -6.6) (layer F.SilkS) (width 0.15))
    (fp_line (start 9.5 -6.6) (end 9.5 -0.6) (layer F.SilkS) (width 0.15))
    (fp_line (start 9.5 -0.6) (end -1.8 -0.6) (layer F.SilkS) (width 0.15))
    (fp_line (start -1.8 -0.6) (end -1.8 -6.6) (layer F.SilkS) (width 0.15))
    (pad 8 smd rect (at 0 0 90) (size 0.5 1) (layers F.Cu F.Paste F.Mask))
    (pad 7 smd rect (at 1.1 0 90) (size 0.5 1) (layers F.Cu F.Paste F.Mask)
      (net 4 /DO))
    (pad 6 smd rect (at 2.2 0 90) (size 0.5 1) (layers F.Cu F.Paste F.Mask)
      (net 1 GND))
    (pad 5 smd rect (at 3.3 0 90) (size 0.5 1) (layers F.Cu F.Paste F.Mask)
      (net 3 /CLK))
    (pad "" smd rect (at 4.05 0 90) (size 0.5 1) (layers F.Cu F.Paste F.Mask))
    (pad 4 smd rect (at 4.75 0 90) (size 0.5 1) (layers F.Cu F.Paste F.Mask)
      (net 7 /3V3))
    (pad 3 smd rect (at 5.5 0 90) (size 0.5 1) (layers F.Cu F.Paste F.Mask)
      (net 5 /DI))
    (pad 2 smd rect (at 6.6 0 90) (size 0.5 1) (layers F.Cu F.Paste F.Mask)
      (net 6 /CS))
    (pad 1 smd rect (at 7.7 0 90) (size 0.5 1) (layers F.Cu F.Paste F.Mask)
      (net 2 /INT))
    (pad 9 smd rect (at 9 -1.61 90) (size 1.2 1.2) (layers F.Cu F.Paste F.Mask)
      (net 1 GND))
    (pad 9 smd rect (at 9 -6.06 90) (size 1.2 1.2) (layers F.Cu F.Paste F.Mask)
      (net 1 GND))
    (pad 9 smd rect (at -1.3 -1.61 90) (size 1.2 1.2) (layers F.Cu F.Paste F.Mask)
      (net 1 GND))
    (pad 9 smd rect (at -1.3 -6.06 90) (size 1.2 1.2) (layers F.Cu F.Paste F.Mask)
      (net 1 GND))
  )

  (module gc_sp2:SP2_FootPrint (layer F.Cu) (tedit 5DF3D67E) (tstamp 5DF4800F)
    (at 84.5 96.9)
    (path /5BB384EE)
    (attr smd)
    (fp_text reference P1 (at -0.5 4.75) (layer F.SilkS) hide
      (effects (font (size 1 1) (thickness 0.15)))
    )
    (fp_text value SerialPort (at 4.5 4.75) (layer F.Fab)
      (effects (font (size 1 1) (thickness 0.15)))
    )
    (pad 8 smd rect (at 7 0) (size 1.5 6) (layers B.Cu B.Paste B.Mask)
      (net 1 GND))
    (pad 7 smd rect (at 6 0.5) (size 1.5 5) (layers F.Cu F.Paste F.Mask)
      (net 6 /CS))
    (pad 6 smd rect (at 5 0.5) (size 1.5 5) (layers B.Cu B.Paste B.Mask)
      (net 4 /DO))
    (pad 5 smd rect (at 4 0.5) (size 1.5 5) (layers F.Cu F.Paste F.Mask)
      (net 5 /DI))
    (pad 4 smd rect (at 3 0.5) (size 1.5 5) (layers B.Cu B.Adhes B.Mask)
      (net 3 /CLK))
    (pad 3 smd rect (at 2 0.5) (size 1.5 5) (layers F.Cu F.Paste F.Mask)
      (net 2 /INT))
    (pad 2 smd rect (at 1 0) (size 1.5 6) (layers B.Cu B.Paste B.Mask)
      (net 1 GND))
    (pad 1 smd rect (at 0 0) (size 1.5 6) (layers F.Cu F.Paste F.Mask)
      (net 7 /3V3))
  )

  (module Capacitor_SMD:C_0603_1608Metric_Pad1.05x0.95mm_HandSolder (layer F.Cu) (tedit 5B301BBE) (tstamp 5DF47FFF)
    (at 129.311 88.958 90)
    (descr "Capacitor SMD 0603 (1608 Metric), square (rectangular) end terminal, IPC_7351 nominal with elongated pad for handsoldering. (Body size source: http://www.tortai-tech.com/upload/download/2011102023233369053.pdf), generated with kicad-footprint-generator")
    (tags "capacitor handsolder")
    (path /5BB39511)
    (attr smd)
    (fp_text reference C1 (at -2.642 -0.011 90) (layer F.SilkS)
      (effects (font (size 1 1) (thickness 0.15)))
    )
    (fp_text value 10uF (at 0 1.43 90) (layer F.Fab)
      (effects (font (size 1 1) (thickness 0.15)))
    )
    (fp_text user %R (at 0 0 90) (layer F.Fab)
      (effects (font (size 0.4 0.4) (thickness 0.06)))
    )
    (fp_line (start 1.65 0.73) (end -1.65 0.73) (layer F.CrtYd) (width 0.05))
    (fp_line (start 1.65 -0.73) (end 1.65 0.73) (layer F.CrtYd) (width 0.05))
    (fp_line (start -1.65 -0.73) (end 1.65 -0.73) (layer F.CrtYd) (width 0.05))
    (fp_line (start -1.65 0.73) (end -1.65 -0.73) (layer F.CrtYd) (width 0.05))
    (fp_line (start -0.171267 0.51) (end 0.171267 0.51) (layer F.SilkS) (width 0.12))
    (fp_line (start -0.171267 -0.51) (end 0.171267 -0.51) (layer F.SilkS) (width 0.12))
    (fp_line (start 0.8 0.4) (end -0.8 0.4) (layer F.Fab) (width 0.1))
    (fp_line (start 0.8 -0.4) (end 0.8 0.4) (layer F.Fab) (width 0.1))
    (fp_line (start -0.8 -0.4) (end 0.8 -0.4) (layer F.Fab) (width 0.1))
    (fp_line (start -0.8 0.4) (end -0.8 -0.4) (layer F.Fab) (width 0.1))
    (pad 2 smd roundrect (at 0.875 0 90) (size 1.05 0.95) (layers F.Cu F.Paste F.Mask) (roundrect_rratio 0.25)
      (net 1 GND))
    (pad 1 smd roundrect (at -0.875 0 90) (size 1.05 0.95) (layers F.Cu F.Paste F.Mask) (roundrect_rratio 0.25)
      (net 7 /3V3))
    (model ${KISYS3DMOD}/Capacitor_SMD.3dshapes/C_0603_1608Metric.wrl
      (at (xyz 0 0 0))
      (scale (xyz 1 1 1))
      (rotate (xyz 0 0 0))
    )
  )

  (module Capacitor_SMD:C_0603_1608Metric_Pad1.05x0.95mm_HandSolder (layer F.Cu) (tedit 5B301BBE) (tstamp 5DF47FEF)
    (at 84.311 85.402 90)
    (descr "Capacitor SMD 0603 (1608 Metric), square (rectangular) end terminal, IPC_7351 nominal with elongated pad for handsoldering. (Body size source: http://www.tortai-tech.com/upload/download/2011102023233369053.pdf), generated with kicad-footprint-generator")
    (tags "capacitor handsolder")
    (path /5DF41C92)
    (attr smd)
    (fp_text reference C2 (at 2.702 -0.011 90) (layer F.SilkS)
      (effects (font (size 1 1) (thickness 0.15)))
    )
    (fp_text value 10uF (at 0 1.43 90) (layer F.Fab)
      (effects (font (size 1 1) (thickness 0.15)))
    )
    (fp_line (start -0.8 0.4) (end -0.8 -0.4) (layer F.Fab) (width 0.1))
    (fp_line (start -0.8 -0.4) (end 0.8 -0.4) (layer F.Fab) (width 0.1))
    (fp_line (start 0.8 -0.4) (end 0.8 0.4) (layer F.Fab) (width 0.1))
    (fp_line (start 0.8 0.4) (end -0.8 0.4) (layer F.Fab) (width 0.1))
    (fp_line (start -0.171267 -0.51) (end 0.171267 -0.51) (layer F.SilkS) (width 0.12))
    (fp_line (start -0.171267 0.51) (end 0.171267 0.51) (layer F.SilkS) (width 0.12))
    (fp_line (start -1.65 0.73) (end -1.65 -0.73) (layer F.CrtYd) (width 0.05))
    (fp_line (start -1.65 -0.73) (end 1.65 -0.73) (layer F.CrtYd) (width 0.05))
    (fp_line (start 1.65 -0.73) (end 1.65 0.73) (layer F.CrtYd) (width 0.05))
    (fp_line (start 1.65 0.73) (end -1.65 0.73) (layer F.CrtYd) (width 0.05))
    (fp_text user %R (at 0 0 90) (layer F.Fab)
      (effects (font (size 0.4 0.4) (thickness 0.06)))
    )
    (pad 1 smd roundrect (at -0.875 0 90) (size 1.05 0.95) (layers F.Cu F.Paste F.Mask) (roundrect_rratio 0.25)
      (net 7 /3V3))
    (pad 2 smd roundrect (at 0.875 0 90) (size 1.05 0.95) (layers F.Cu F.Paste F.Mask) (roundrect_rratio 0.25)
      (net 1 GND))
    (model ${KISYS3DMOD}/Capacitor_SMD.3dshapes/C_0603_1608Metric.wrl
      (at (xyz 0 0 0))
      (scale (xyz 1 1 1))
      (rotate (xyz 0 0 0))
    )
  )

  (module gc_sp2:1050270001 (layer F.Cu) (tedit 5BB4CF60) (tstamp 5DF47FDB)
    (at 145.763 91.498 90)
    (path /5BB385EE)
    (attr smd)
    (fp_text reference J1 (at 8.748 0.137 90) (layer F.SilkS)
      (effects (font (size 1 1) (thickness 0.15)))
    )
    (fp_text value Micro_SD_Card (at 4 -3.9 270) (layer F.Fab)
      (effects (font (size 1 1) (thickness 0.15)))
    )
    (fp_line (start -1.8 -0.6) (end -1.8 -6.6) (layer F.SilkS) (width 0.15))
    (fp_line (start 9.5 -0.6) (end -1.8 -0.6) (layer F.SilkS) (width 0.15))
    (fp_line (start 9.5 -6.6) (end 9.5 -0.6) (layer F.SilkS) (width 0.15))
    (fp_line (start -1.8 -6.6) (end 9.5 -6.6) (layer F.SilkS) (width 0.15))
    (pad 9 smd rect (at -1.3 -6.06 90) (size 1.2 1.2) (layers F.Cu F.Paste F.Mask)
      (net 1 GND))
    (pad 9 smd rect (at -1.3 -1.61 90) (size 1.2 1.2) (layers F.Cu F.Paste F.Mask)
      (net 1 GND))
    (pad 9 smd rect (at 9 -6.06 90) (size 1.2 1.2) (layers F.Cu F.Paste F.Mask)
      (net 1 GND))
    (pad 9 smd rect (at 9 -1.61 90) (size 1.2 1.2) (layers F.Cu F.Paste F.Mask)
      (net 1 GND))
    (pad 1 smd rect (at 7.7 0 90) (size 0.5 1) (layers F.Cu F.Paste F.Mask)
      (net 2 /INT))
    (pad 2 smd rect (at 6.6 0 90) (size 0.5 1) (layers F.Cu F.Paste F.Mask)
      (net 6 /CS))
    (pad 3 smd rect (at 5.5 0 90) (size 0.5 1) (layers F.Cu F.Paste F.Mask)
      (net 5 /DI))
    (pad 4 smd rect (at 4.75 0 90) (size 0.5 1) (layers F.Cu F.Paste F.Mask)
      (net 7 /3V3))
    (pad "" smd rect (at 4.05 0 90) (size 0.5 1) (layers F.Cu F.Paste F.Mask))
    (pad 5 smd rect (at 3.3 0 90) (size 0.5 1) (layers F.Cu F.Paste F.Mask)
      (net 3 /CLK))
    (pad 6 smd rect (at 2.2 0 90) (size 0.5 1) (layers F.Cu F.Paste F.Mask)
      (net 1 GND))
    (pad 7 smd rect (at 1.1 0 90) (size 0.5 1) (layers F.Cu F.Paste F.Mask)
      (net 4 /DO))
    (pad 8 smd rect (at 0 0 90) (size 0.5 1) (layers F.Cu F.Paste F.Mask))
  )

  (module Capacitor_SMD:C_0603_1608Metric_Pad1.05x0.95mm_HandSolder (layer F.Cu) (tedit 5B301BBE) (tstamp 5DF47FCB)
    (at 138.311 85.402 90)
    (descr "Capacitor SMD 0603 (1608 Metric), square (rectangular) end terminal, IPC_7351 nominal with elongated pad for handsoldering. (Body size source: http://www.tortai-tech.com/upload/download/2011102023233369053.pdf), generated with kicad-footprint-generator")
    (tags "capacitor handsolder")
    (path /5DF41C92)
    (attr smd)
    (fp_text reference C2 (at 2.702 -0.011 90) (layer F.SilkS)
      (effects (font (size 1 1) (thickness 0.15)))
    )
    (fp_text value 10uF (at 0 1.43 90) (layer F.Fab)
      (effects (font (size 1 1) (thickness 0.15)))
    )
    (fp_line (start -0.8 0.4) (end -0.8 -0.4) (layer F.Fab) (width 0.1))
    (fp_line (start -0.8 -0.4) (end 0.8 -0.4) (layer F.Fab) (width 0.1))
    (fp_line (start 0.8 -0.4) (end 0.8 0.4) (layer F.Fab) (width 0.1))
    (fp_line (start 0.8 0.4) (end -0.8 0.4) (layer F.Fab) (width 0.1))
    (fp_line (start -0.171267 -0.51) (end 0.171267 -0.51) (layer F.SilkS) (width 0.12))
    (fp_line (start -0.171267 0.51) (end 0.171267 0.51) (layer F.SilkS) (width 0.12))
    (fp_line (start -1.65 0.73) (end -1.65 -0.73) (layer F.CrtYd) (width 0.05))
    (fp_line (start -1.65 -0.73) (end 1.65 -0.73) (layer F.CrtYd) (width 0.05))
    (fp_line (start 1.65 -0.73) (end 1.65 0.73) (layer F.CrtYd) (width 0.05))
    (fp_line (start 1.65 0.73) (end -1.65 0.73) (layer F.CrtYd) (width 0.05))
    (fp_text user %R (at 0 0 90) (layer F.Fab)
      (effects (font (size 0.4 0.4) (thickness 0.06)))
    )
    (pad 1 smd roundrect (at -0.875 0 90) (size 1.05 0.95) (layers F.Cu F.Paste F.Mask) (roundrect_rratio 0.25)
      (net 7 /3V3))
    (pad 2 smd roundrect (at 0.875 0 90) (size 1.05 0.95) (layers F.Cu F.Paste F.Mask) (roundrect_rratio 0.25)
      (net 1 GND))
    (model ${KISYS3DMOD}/Capacitor_SMD.3dshapes/C_0603_1608Metric.wrl
      (at (xyz 0 0 0))
      (scale (xyz 1 1 1))
      (rotate (xyz 0 0 0))
    )
  )

  (module gc_sp2:SP2_FootPrint (layer F.Cu) (tedit 5DF3D67E) (tstamp 5DF47FC0)
    (at 138.5 96.9)
    (path /5BB384EE)
    (attr smd)
    (fp_text reference P1 (at -0.5 4.75) (layer F.SilkS) hide
      (effects (font (size 1 1) (thickness 0.15)))
    )
    (fp_text value SerialPort (at 4.5 4.75) (layer F.Fab)
      (effects (font (size 1 1) (thickness 0.15)))
    )
    (pad 8 smd rect (at 7 0) (size 1.5 6) (layers B.Cu B.Paste B.Mask)
      (net 1 GND))
    (pad 7 smd rect (at 6 0.5) (size 1.5 5) (layers F.Cu F.Paste F.Mask)
      (net 6 /CS))
    (pad 6 smd rect (at 5 0.5) (size 1.5 5) (layers B.Cu B.Paste B.Mask)
      (net 4 /DO))
    (pad 5 smd rect (at 4 0.5) (size 1.5 5) (layers F.Cu F.Paste F.Mask)
      (net 5 /DI))
    (pad 4 smd rect (at 3 0.5) (size 1.5 5) (layers B.Cu B.Adhes B.Mask)
      (net 3 /CLK))
    (pad 3 smd rect (at 2 0.5) (size 1.5 5) (layers F.Cu F.Paste F.Mask)
      (net 2 /INT))
    (pad 2 smd rect (at 1 0) (size 1.5 6) (layers B.Cu B.Paste B.Mask)
      (net 1 GND))
    (pad 1 smd rect (at 0 0) (size 1.5 6) (layers F.Cu F.Paste F.Mask)
      (net 7 /3V3))
  )

  (module Capacitor_SMD:C_0603_1608Metric_Pad1.05x0.95mm_HandSolder (layer F.Cu) (tedit 5B301BBE) (tstamp 5DF47FB0)
    (at 129.311 85.402 90)
    (descr "Capacitor SMD 0603 (1608 Metric), square (rectangular) end terminal, IPC_7351 nominal with elongated pad for handsoldering. (Body size source: http://www.tortai-tech.com/upload/download/2011102023233369053.pdf), generated with kicad-footprint-generator")
    (tags "capacitor handsolder")
    (path /5DF41C92)
    (attr smd)
    (fp_text reference C2 (at 2.702 -0.011 90) (layer F.SilkS)
      (effects (font (size 1 1) (thickness 0.15)))
    )
    (fp_text value 10uF (at 0 1.43 90) (layer F.Fab)
      (effects (font (size 1 1) (thickness 0.15)))
    )
    (fp_text user %R (at 0 0 90) (layer F.Fab)
      (effects (font (size 0.4 0.4) (thickness 0.06)))
    )
    (fp_line (start 1.65 0.73) (end -1.65 0.73) (layer F.CrtYd) (width 0.05))
    (fp_line (start 1.65 -0.73) (end 1.65 0.73) (layer F.CrtYd) (width 0.05))
    (fp_line (start -1.65 -0.73) (end 1.65 -0.73) (layer F.CrtYd) (width 0.05))
    (fp_line (start -1.65 0.73) (end -1.65 -0.73) (layer F.CrtYd) (width 0.05))
    (fp_line (start -0.171267 0.51) (end 0.171267 0.51) (layer F.SilkS) (width 0.12))
    (fp_line (start -0.171267 -0.51) (end 0.171267 -0.51) (layer F.SilkS) (width 0.12))
    (fp_line (start 0.8 0.4) (end -0.8 0.4) (layer F.Fab) (width 0.1))
    (fp_line (start 0.8 -0.4) (end 0.8 0.4) (layer F.Fab) (width 0.1))
    (fp_line (start -0.8 -0.4) (end 0.8 -0.4) (layer F.Fab) (width 0.1))
    (fp_line (start -0.8 0.4) (end -0.8 -0.4) (layer F.Fab) (width 0.1))
    (pad 2 smd roundrect (at 0.875 0 90) (size 1.05 0.95) (layers F.Cu F.Paste F.Mask) (roundrect_rratio 0.25)
      (net 1 GND))
    (pad 1 smd roundrect (at -0.875 0 90) (size 1.05 0.95) (layers F.Cu F.Paste F.Mask) (roundrect_rratio 0.25)
      (net 7 /3V3))
    (model ${KISYS3DMOD}/Capacitor_SMD.3dshapes/C_0603_1608Metric.wrl
      (at (xyz 0 0 0))
      (scale (xyz 1 1 1))
      (rotate (xyz 0 0 0))
    )
  )

  (module gc_sp2:SP2_FootPrint (layer F.Cu) (tedit 5DF3D67E) (tstamp 5DF47FA5)
    (at 129.5 96.9)
    (path /5BB384EE)
    (attr smd)
    (fp_text reference P1 (at -0.5 4.75) (layer F.SilkS) hide
      (effects (font (size 1 1) (thickness 0.15)))
    )
    (fp_text value SerialPort (at 4.5 4.75) (layer F.Fab)
      (effects (font (size 1 1) (thickness 0.15)))
    )
    (pad 1 smd rect (at 0 0) (size 1.5 6) (layers F.Cu F.Paste F.Mask)
      (net 7 /3V3))
    (pad 2 smd rect (at 1 0) (size 1.5 6) (layers B.Cu B.Paste B.Mask)
      (net 1 GND))
    (pad 3 smd rect (at 2 0.5) (size 1.5 5) (layers F.Cu F.Paste F.Mask)
      (net 2 /INT))
    (pad 4 smd rect (at 3 0.5) (size 1.5 5) (layers B.Cu B.Adhes B.Mask)
      (net 3 /CLK))
    (pad 5 smd rect (at 4 0.5) (size 1.5 5) (layers F.Cu F.Paste F.Mask)
      (net 5 /DI))
    (pad 6 smd rect (at 5 0.5) (size 1.5 5) (layers B.Cu B.Paste B.Mask)
      (net 4 /DO))
    (pad 7 smd rect (at 6 0.5) (size 1.5 5) (layers F.Cu F.Paste F.Mask)
      (net 6 /CS))
    (pad 8 smd rect (at 7 0) (size 1.5 6) (layers B.Cu B.Paste B.Mask)
      (net 1 GND))
  )

  (module gc_sp2:1050270001 (layer F.Cu) (tedit 5BB4CF60) (tstamp 5DF47F91)
    (at 127.763 91.498 90)
    (path /5BB385EE)
    (attr smd)
    (fp_text reference J1 (at 8.748 0.137 90) (layer F.SilkS)
      (effects (font (size 1 1) (thickness 0.15)))
    )
    (fp_text value Micro_SD_Card (at 4 -3.9 270) (layer F.Fab)
      (effects (font (size 1 1) (thickness 0.15)))
    )
    (fp_line (start -1.8 -0.6) (end -1.8 -6.6) (layer F.SilkS) (width 0.15))
    (fp_line (start 9.5 -0.6) (end -1.8 -0.6) (layer F.SilkS) (width 0.15))
    (fp_line (start 9.5 -6.6) (end 9.5 -0.6) (layer F.SilkS) (width 0.15))
    (fp_line (start -1.8 -6.6) (end 9.5 -6.6) (layer F.SilkS) (width 0.15))
    (pad 9 smd rect (at -1.3 -6.06 90) (size 1.2 1.2) (layers F.Cu F.Paste F.Mask)
      (net 1 GND))
    (pad 9 smd rect (at -1.3 -1.61 90) (size 1.2 1.2) (layers F.Cu F.Paste F.Mask)
      (net 1 GND))
    (pad 9 smd rect (at 9 -6.06 90) (size 1.2 1.2) (layers F.Cu F.Paste F.Mask)
      (net 1 GND))
    (pad 9 smd rect (at 9 -1.61 90) (size 1.2 1.2) (layers F.Cu F.Paste F.Mask)
      (net 1 GND))
    (pad 1 smd rect (at 7.7 0 90) (size 0.5 1) (layers F.Cu F.Paste F.Mask)
      (net 2 /INT))
    (pad 2 smd rect (at 6.6 0 90) (size 0.5 1) (layers F.Cu F.Paste F.Mask)
      (net 6 /CS))
    (pad 3 smd rect (at 5.5 0 90) (size 0.5 1) (layers F.Cu F.Paste F.Mask)
      (net 5 /DI))
    (pad 4 smd rect (at 4.75 0 90) (size 0.5 1) (layers F.Cu F.Paste F.Mask)
      (net 7 /3V3))
    (pad "" smd rect (at 4.05 0 90) (size 0.5 1) (layers F.Cu F.Paste F.Mask))
    (pad 5 smd rect (at 3.3 0 90) (size 0.5 1) (layers F.Cu F.Paste F.Mask)
      (net 3 /CLK))
    (pad 6 smd rect (at 2.2 0 90) (size 0.5 1) (layers F.Cu F.Paste F.Mask)
      (net 1 GND))
    (pad 7 smd rect (at 1.1 0 90) (size 0.5 1) (layers F.Cu F.Paste F.Mask)
      (net 4 /DO))
    (pad 8 smd rect (at 0 0 90) (size 0.5 1) (layers F.Cu F.Paste F.Mask))
  )

  (module gc_sp2:SP2_FootPrint (layer F.Cu) (tedit 5DF3D67E) (tstamp 5DF47F86)
    (at 120.5 96.9)
    (path /5BB384EE)
    (attr smd)
    (fp_text reference P1 (at -0.5 4.75) (layer F.SilkS) hide
      (effects (font (size 1 1) (thickness 0.15)))
    )
    (fp_text value SerialPort (at 4.5 4.75) (layer F.Fab)
      (effects (font (size 1 1) (thickness 0.15)))
    )
    (pad 8 smd rect (at 7 0) (size 1.5 6) (layers B.Cu B.Paste B.Mask)
      (net 1 GND))
    (pad 7 smd rect (at 6 0.5) (size 1.5 5) (layers F.Cu F.Paste F.Mask)
      (net 6 /CS))
    (pad 6 smd rect (at 5 0.5) (size 1.5 5) (layers B.Cu B.Paste B.Mask)
      (net 4 /DO))
    (pad 5 smd rect (at 4 0.5) (size 1.5 5) (layers F.Cu F.Paste F.Mask)
      (net 5 /DI))
    (pad 4 smd rect (at 3 0.5) (size 1.5 5) (layers B.Cu B.Adhes B.Mask)
      (net 3 /CLK))
    (pad 3 smd rect (at 2 0.5) (size 1.5 5) (layers F.Cu F.Paste F.Mask)
      (net 2 /INT))
    (pad 2 smd rect (at 1 0) (size 1.5 6) (layers B.Cu B.Paste B.Mask)
      (net 1 GND))
    (pad 1 smd rect (at 0 0) (size 1.5 6) (layers F.Cu F.Paste F.Mask)
      (net 7 /3V3))
  )

  (module Capacitor_SMD:C_0603_1608Metric_Pad1.05x0.95mm_HandSolder (layer F.Cu) (tedit 5B301BBE) (tstamp 5DF47F76)
    (at 102.311 85.402 90)
    (descr "Capacitor SMD 0603 (1608 Metric), square (rectangular) end terminal, IPC_7351 nominal with elongated pad for handsoldering. (Body size source: http://www.tortai-tech.com/upload/download/2011102023233369053.pdf), generated with kicad-footprint-generator")
    (tags "capacitor handsolder")
    (path /5DF41C92)
    (attr smd)
    (fp_text reference C2 (at 2.702 -0.011 90) (layer F.SilkS)
      (effects (font (size 1 1) (thickness 0.15)))
    )
    (fp_text value 10uF (at 0 1.43 90) (layer F.Fab)
      (effects (font (size 1 1) (thickness 0.15)))
    )
    (fp_line (start -0.8 0.4) (end -0.8 -0.4) (layer F.Fab) (width 0.1))
    (fp_line (start -0.8 -0.4) (end 0.8 -0.4) (layer F.Fab) (width 0.1))
    (fp_line (start 0.8 -0.4) (end 0.8 0.4) (layer F.Fab) (width 0.1))
    (fp_line (start 0.8 0.4) (end -0.8 0.4) (layer F.Fab) (width 0.1))
    (fp_line (start -0.171267 -0.51) (end 0.171267 -0.51) (layer F.SilkS) (width 0.12))
    (fp_line (start -0.171267 0.51) (end 0.171267 0.51) (layer F.SilkS) (width 0.12))
    (fp_line (start -1.65 0.73) (end -1.65 -0.73) (layer F.CrtYd) (width 0.05))
    (fp_line (start -1.65 -0.73) (end 1.65 -0.73) (layer F.CrtYd) (width 0.05))
    (fp_line (start 1.65 -0.73) (end 1.65 0.73) (layer F.CrtYd) (width 0.05))
    (fp_line (start 1.65 0.73) (end -1.65 0.73) (layer F.CrtYd) (width 0.05))
    (fp_text user %R (at 0 0 90) (layer F.Fab)
      (effects (font (size 0.4 0.4) (thickness 0.06)))
    )
    (pad 1 smd roundrect (at -0.875 0 90) (size 1.05 0.95) (layers F.Cu F.Paste F.Mask) (roundrect_rratio 0.25)
      (net 7 /3V3))
    (pad 2 smd roundrect (at 0.875 0 90) (size 1.05 0.95) (layers F.Cu F.Paste F.Mask) (roundrect_rratio 0.25)
      (net 1 GND))
    (model ${KISYS3DMOD}/Capacitor_SMD.3dshapes/C_0603_1608Metric.wrl
      (at (xyz 0 0 0))
      (scale (xyz 1 1 1))
      (rotate (xyz 0 0 0))
    )
  )

  (module Capacitor_SMD:C_0603_1608Metric_Pad1.05x0.95mm_HandSolder (layer F.Cu) (tedit 5B301BBE) (tstamp 5DF47F66)
    (at 102.311 88.958 90)
    (descr "Capacitor SMD 0603 (1608 Metric), square (rectangular) end terminal, IPC_7351 nominal with elongated pad for handsoldering. (Body size source: http://www.tortai-tech.com/upload/download/2011102023233369053.pdf), generated with kicad-footprint-generator")
    (tags "capacitor handsolder")
    (path /5BB39511)
    (attr smd)
    (fp_text reference C1 (at -2.642 -0.011 90) (layer F.SilkS)
      (effects (font (size 1 1) (thickness 0.15)))
    )
    (fp_text value 10uF (at 0 1.43 90) (layer F.Fab)
      (effects (font (size 1 1) (thickness 0.15)))
    )
    (fp_line (start -0.8 0.4) (end -0.8 -0.4) (layer F.Fab) (width 0.1))
    (fp_line (start -0.8 -0.4) (end 0.8 -0.4) (layer F.Fab) (width 0.1))
    (fp_line (start 0.8 -0.4) (end 0.8 0.4) (layer F.Fab) (width 0.1))
    (fp_line (start 0.8 0.4) (end -0.8 0.4) (layer F.Fab) (width 0.1))
    (fp_line (start -0.171267 -0.51) (end 0.171267 -0.51) (layer F.SilkS) (width 0.12))
    (fp_line (start -0.171267 0.51) (end 0.171267 0.51) (layer F.SilkS) (width 0.12))
    (fp_line (start -1.65 0.73) (end -1.65 -0.73) (layer F.CrtYd) (width 0.05))
    (fp_line (start -1.65 -0.73) (end 1.65 -0.73) (layer F.CrtYd) (width 0.05))
    (fp_line (start 1.65 -0.73) (end 1.65 0.73) (layer F.CrtYd) (width 0.05))
    (fp_line (start 1.65 0.73) (end -1.65 0.73) (layer F.CrtYd) (width 0.05))
    (fp_text user %R (at 0 0 90) (layer F.Fab)
      (effects (font (size 0.4 0.4) (thickness 0.06)))
    )
    (pad 1 smd roundrect (at -0.875 0 90) (size 1.05 0.95) (layers F.Cu F.Paste F.Mask) (roundrect_rratio 0.25)
      (net 7 /3V3))
    (pad 2 smd roundrect (at 0.875 0 90) (size 1.05 0.95) (layers F.Cu F.Paste F.Mask) (roundrect_rratio 0.25)
      (net 1 GND))
    (model ${KISYS3DMOD}/Capacitor_SMD.3dshapes/C_0603_1608Metric.wrl
      (at (xyz 0 0 0))
      (scale (xyz 1 1 1))
      (rotate (xyz 0 0 0))
    )
  )

  (module Capacitor_SMD:C_0603_1608Metric_Pad1.05x0.95mm_HandSolder (layer F.Cu) (tedit 5B301BBE) (tstamp 5DF47F56)
    (at 84.311 88.958 90)
    (descr "Capacitor SMD 0603 (1608 Metric), square (rectangular) end terminal, IPC_7351 nominal with elongated pad for handsoldering. (Body size source: http://www.tortai-tech.com/upload/download/2011102023233369053.pdf), generated with kicad-footprint-generator")
    (tags "capacitor handsolder")
    (path /5BB39511)
    (attr smd)
    (fp_text reference C1 (at -2.642 -0.011 90) (layer F.SilkS)
      (effects (font (size 1 1) (thickness 0.15)))
    )
    (fp_text value 10uF (at 0 1.43 90) (layer F.Fab)
      (effects (font (size 1 1) (thickness 0.15)))
    )
    (fp_line (start -0.8 0.4) (end -0.8 -0.4) (layer F.Fab) (width 0.1))
    (fp_line (start -0.8 -0.4) (end 0.8 -0.4) (layer F.Fab) (width 0.1))
    (fp_line (start 0.8 -0.4) (end 0.8 0.4) (layer F.Fab) (width 0.1))
    (fp_line (start 0.8 0.4) (end -0.8 0.4) (layer F.Fab) (width 0.1))
    (fp_line (start -0.171267 -0.51) (end 0.171267 -0.51) (layer F.SilkS) (width 0.12))
    (fp_line (start -0.171267 0.51) (end 0.171267 0.51) (layer F.SilkS) (width 0.12))
    (fp_line (start -1.65 0.73) (end -1.65 -0.73) (layer F.CrtYd) (width 0.05))
    (fp_line (start -1.65 -0.73) (end 1.65 -0.73) (layer F.CrtYd) (width 0.05))
    (fp_line (start 1.65 -0.73) (end 1.65 0.73) (layer F.CrtYd) (width 0.05))
    (fp_line (start 1.65 0.73) (end -1.65 0.73) (layer F.CrtYd) (width 0.05))
    (fp_text user %R (at 0 0 90) (layer F.Fab)
      (effects (font (size 0.4 0.4) (thickness 0.06)))
    )
    (pad 1 smd roundrect (at -0.875 0 90) (size 1.05 0.95) (layers F.Cu F.Paste F.Mask) (roundrect_rratio 0.25)
      (net 7 /3V3))
    (pad 2 smd roundrect (at 0.875 0 90) (size 1.05 0.95) (layers F.Cu F.Paste F.Mask) (roundrect_rratio 0.25)
      (net 1 GND))
    (model ${KISYS3DMOD}/Capacitor_SMD.3dshapes/C_0603_1608Metric.wrl
      (at (xyz 0 0 0))
      (scale (xyz 1 1 1))
      (rotate (xyz 0 0 0))
    )
  )

  (module gc_sp2:1050270001 (layer F.Cu) (tedit 5BB4CF60) (tstamp 5DF47F42)
    (at 91.763 91.498 90)
    (path /5BB385EE)
    (attr smd)
    (fp_text reference J1 (at 8.748 0.137 90) (layer F.SilkS)
      (effects (font (size 1 1) (thickness 0.15)))
    )
    (fp_text value Micro_SD_Card (at 4 -3.9 270) (layer F.Fab)
      (effects (font (size 1 1) (thickness 0.15)))
    )
    (fp_line (start -1.8 -0.6) (end -1.8 -6.6) (layer F.SilkS) (width 0.15))
    (fp_line (start 9.5 -0.6) (end -1.8 -0.6) (layer F.SilkS) (width 0.15))
    (fp_line (start 9.5 -6.6) (end 9.5 -0.6) (layer F.SilkS) (width 0.15))
    (fp_line (start -1.8 -6.6) (end 9.5 -6.6) (layer F.SilkS) (width 0.15))
    (pad 9 smd rect (at -1.3 -6.06 90) (size 1.2 1.2) (layers F.Cu F.Paste F.Mask)
      (net 1 GND))
    (pad 9 smd rect (at -1.3 -1.61 90) (size 1.2 1.2) (layers F.Cu F.Paste F.Mask)
      (net 1 GND))
    (pad 9 smd rect (at 9 -6.06 90) (size 1.2 1.2) (layers F.Cu F.Paste F.Mask)
      (net 1 GND))
    (pad 9 smd rect (at 9 -1.61 90) (size 1.2 1.2) (layers F.Cu F.Paste F.Mask)
      (net 1 GND))
    (pad 1 smd rect (at 7.7 0 90) (size 0.5 1) (layers F.Cu F.Paste F.Mask)
      (net 2 /INT))
    (pad 2 smd rect (at 6.6 0 90) (size 0.5 1) (layers F.Cu F.Paste F.Mask)
      (net 6 /CS))
    (pad 3 smd rect (at 5.5 0 90) (size 0.5 1) (layers F.Cu F.Paste F.Mask)
      (net 5 /DI))
    (pad 4 smd rect (at 4.75 0 90) (size 0.5 1) (layers F.Cu F.Paste F.Mask)
      (net 7 /3V3))
    (pad "" smd rect (at 4.05 0 90) (size 0.5 1) (layers F.Cu F.Paste F.Mask))
    (pad 5 smd rect (at 3.3 0 90) (size 0.5 1) (layers F.Cu F.Paste F.Mask)
      (net 3 /CLK))
    (pad 6 smd rect (at 2.2 0 90) (size 0.5 1) (layers F.Cu F.Paste F.Mask)
      (net 1 GND))
    (pad 7 smd rect (at 1.1 0 90) (size 0.5 1) (layers F.Cu F.Paste F.Mask)
      (net 4 /DO))
    (pad 8 smd rect (at 0 0 90) (size 0.5 1) (layers F.Cu F.Paste F.Mask))
  )

  (module Capacitor_SMD:C_0603_1608Metric_Pad1.05x0.95mm_HandSolder (layer F.Cu) (tedit 5B301BBE) (tstamp 5DF47F32)
    (at 75.311 85.402 90)
    (descr "Capacitor SMD 0603 (1608 Metric), square (rectangular) end terminal, IPC_7351 nominal with elongated pad for handsoldering. (Body size source: http://www.tortai-tech.com/upload/download/2011102023233369053.pdf), generated with kicad-footprint-generator")
    (tags "capacitor handsolder")
    (path /5DF41C92)
    (attr smd)
    (fp_text reference C2 (at 2.702 -0.011 90) (layer F.SilkS)
      (effects (font (size 1 1) (thickness 0.15)))
    )
    (fp_text value 10uF (at 0 1.43 90) (layer F.Fab)
      (effects (font (size 1 1) (thickness 0.15)))
    )
    (fp_text user %R (at 0 0 90) (layer F.Fab)
      (effects (font (size 0.4 0.4) (thickness 0.06)))
    )
    (fp_line (start 1.65 0.73) (end -1.65 0.73) (layer F.CrtYd) (width 0.05))
    (fp_line (start 1.65 -0.73) (end 1.65 0.73) (layer F.CrtYd) (width 0.05))
    (fp_line (start -1.65 -0.73) (end 1.65 -0.73) (layer F.CrtYd) (width 0.05))
    (fp_line (start -1.65 0.73) (end -1.65 -0.73) (layer F.CrtYd) (width 0.05))
    (fp_line (start -0.171267 0.51) (end 0.171267 0.51) (layer F.SilkS) (width 0.12))
    (fp_line (start -0.171267 -0.51) (end 0.171267 -0.51) (layer F.SilkS) (width 0.12))
    (fp_line (start 0.8 0.4) (end -0.8 0.4) (layer F.Fab) (width 0.1))
    (fp_line (start 0.8 -0.4) (end 0.8 0.4) (layer F.Fab) (width 0.1))
    (fp_line (start -0.8 -0.4) (end 0.8 -0.4) (layer F.Fab) (width 0.1))
    (fp_line (start -0.8 0.4) (end -0.8 -0.4) (layer F.Fab) (width 0.1))
    (pad 2 smd roundrect (at 0.875 0 90) (size 1.05 0.95) (layers F.Cu F.Paste F.Mask) (roundrect_rratio 0.25)
      (net 1 GND))
    (pad 1 smd roundrect (at -0.875 0 90) (size 1.05 0.95) (layers F.Cu F.Paste F.Mask) (roundrect_rratio 0.25)
      (net 7 /3V3))
    (model ${KISYS3DMOD}/Capacitor_SMD.3dshapes/C_0603_1608Metric.wrl
      (at (xyz 0 0 0))
      (scale (xyz 1 1 1))
      (rotate (xyz 0 0 0))
    )
  )

